2 0.311290 0.321875 0.080645 0.156250
2 0.219355 0.840625 0.074194 0.143750
2 0.906452 0.493750 0.074194 0.143750
2 0.512903 0.493750 0.067742 0.131250
2 0.512903 0.378125 0.067742 0.131250
2 0.729032 0.378125 0.054839 0.106250
2 0.864516 0.365625 0.054839 0.106250
2 0.085484 0.475000 0.051613 0.100000
2 0.961290 0.368750 0.048387 0.093750
2 0.741935 0.493750 0.045161 0.087500
2 0.079032 0.325000 0.038710 0.075000
2 0.070968 0.409375 0.035484 0.068750
3 0.024194 0.246875 0.019355 0.037500
3 0.024194 0.200000 0.019355 0.037500
3 0.024194 0.153125 0.019355 0.037500
3 0.024194 0.106250 0.019355 0.037500
3 0.024194 0.062500 0.019355 0.037500
3 0.024194 0.017188 0.019355 0.034375
