2 0.237097 0.337500 0.125806 0.243750
2 0.361290 0.837500 0.074194 0.143750
2 0.753226 0.318750 0.058065 0.112500
2 0.170968 0.431250 0.045161 0.087500
2 0.961290 0.471875 0.041935 0.081250
2 0.151613 0.475000 0.041935 0.081250
2 0.356452 0.518750 0.038710 0.075000
2 0.153226 0.518750 0.038710 0.075000
2 0.541935 0.518750 0.038710 0.075000
2 0.356452 0.475000 0.038710 0.075000
2 0.538710 0.475000 0.038710 0.075000
2 0.351613 0.390625 0.038710 0.075000
2 0.351613 0.434375 0.035484 0.068750
2 0.529032 0.428125 0.035484 0.068750
2 0.529032 0.384375 0.035484 0.068750
