2 0.527419 0.346875 0.125806 0.243750
2 0.659677 0.509375 0.083871 0.162500
2 0.206452 0.846875 0.074194 0.143750
2 0.925806 0.362500 0.070968 0.137500
2 0.948387 0.506250 0.058065 0.112500
2 0.193548 0.484375 0.058065 0.112500
3 0.085484 0.259375 0.035484 0.068750
3 0.085484 0.212500 0.035484 0.068750
3 0.085484 0.165625 0.035484 0.068750
3 0.085484 0.118750 0.035484 0.068750
3 0.085484 0.071875 0.035484 0.068750
2 0.872581 0.506250 0.035484 0.068750
2 0.191935 0.325000 0.035484 0.068750
3 0.085484 0.029687 0.035484 0.059375
