2 0.500000 0.331250 0.100000 0.193750
2 0.559677 0.500000 0.093548 0.181250
2 0.901613 0.500000 0.061290 0.118750
2 0.196774 0.443750 0.061290 0.118750
2 0.903226 0.328125 0.051613 0.100000
2 0.825806 0.331250 0.041935 0.081250
2 0.837097 0.503125 0.038710 0.075000
2 0.711290 0.500000 0.035484 0.068750
2 0.674194 0.500000 0.035484 0.068750
3 0.116129 0.240625 0.032258 0.062500
3 0.116129 0.190625 0.032258 0.062500
3 0.117742 0.093750 0.032258 0.062500
3 0.117742 0.046875 0.032258 0.062500
3 0.116129 0.143750 0.029032 0.056250
5 0.985484 0.112500 0.025806 0.050000
3 0.119355 0.278125 0.029032 0.043750
