2 0.361290 0.325000 0.080645 0.156250
2 0.224194 0.837500 0.077419 0.150000
2 0.579032 0.496875 0.074194 0.143750
2 0.579032 0.371875 0.074194 0.143750
2 0.825806 0.365625 0.067742 0.131250
2 0.840323 0.493750 0.054839 0.106250
2 0.138710 0.475000 0.054839 0.106250
2 0.966129 0.490625 0.048387 0.093750
2 0.964516 0.346875 0.048387 0.093750
2 0.758065 0.493750 0.035484 0.068750
2 0.135484 0.325000 0.035484 0.068750
3 0.051613 0.246875 0.029032 0.056250
3 0.051613 0.200000 0.029032 0.056250
3 0.051613 0.153125 0.029032 0.056250
3 0.051613 0.106250 0.029032 0.056250
3 0.051613 0.059375 0.029032 0.056250
3 0.058065 0.018750 0.025806 0.037500
3 0.035484 0.285938 0.019355 0.028125
