2 0.685484 0.325000 0.100000 0.193750
2 0.227419 0.846875 0.074194 0.143750
2 0.958065 0.500000 0.064516 0.125000
2 0.379032 0.465625 0.061290 0.118750
2 0.932258 0.325000 0.054839 0.106250
2 0.854839 0.503125 0.041935 0.081250
2 0.896774 0.500000 0.041935 0.081250
3 0.282258 0.250000 0.035484 0.068750
3 0.282258 0.106250 0.035484 0.068750
2 0.377419 0.350000 0.035484 0.068750
3 0.282258 0.203125 0.032258 0.062500
3 0.282258 0.153125 0.032258 0.062500
3 0.282258 0.056250 0.032258 0.062500
3 0.288710 0.021875 0.029032 0.043750
3 0.285484 0.285938 0.019355 0.028125
