2 0.856452 0.515625 0.090323 0.175000
2 0.856452 0.409375 0.090323 0.175000
2 0.393548 0.428125 0.077419 0.150000
2 0.798387 0.318750 0.074194 0.143750
2 0.440323 0.509375 0.064516 0.125000
2 0.443548 0.343750 0.064516 0.125000
2 0.235484 0.353125 0.058065 0.112500
2 0.604839 0.512500 0.048387 0.093750
2 0.056452 0.503125 0.048387 0.093750
2 0.056452 0.425000 0.048387 0.093750
2 0.601613 0.421875 0.048387 0.093750
2 0.056452 0.340625 0.048387 0.093750
2 0.612903 0.337500 0.048387 0.093750
2 0.282258 0.506250 0.041935 0.081250
